1 254.6503164367099 1015.7570578373609 287.33459357277883 128.4858843252782
1 431.36105312066184 997.4276398263636 196.82420755829838 165.14472034727277
1 1411.1721103718692 1018.0033552071418 209.7543409956876 115.72705565593802
1 935.2740801575053 534.9683805392705 448.9603024574669 406.1231281198003
1 755.3308786201117 736.2329670276102 380.718336483932 396.0598891983413
1 863.7996219281664 1000.6622268752924 308.88468809073726 158.67554624941502
1 643.2703432829484 952.5025150343503 267.2212597102434 254.99496993129938
1 594.4234678560484 718.6223400452371 249.98117313493177 375.2146751670393
1 1207.1645379742513 866.6056709479968 601.9659954568614 426.78865810400634
1 1206.4461576465399 708.9184966380901 510.01901320113126 541.2579254302724
