1 333.92824752023216 501.7116434663636 263.8991495570896 370.07511907063247
1 542.5412389864398 723.9778100752587 374.47135325893396 339.84981810273575
1 1477.6140007662843 659.1041236851403 501.9979926478388 397.35154708497765
1 1374.41328106056 374.9129749076765 344.2483926027522 253.59728087337353
1 860.6207565470417 793.6433447098976 428.2832651665555 178.40270787782637
1 1265.3152391820365 792.9061545935101 322.13382813447197 201.99312906623294
1 986.3045811768761 674.9539361634759 470.3005889685378 324.36860068259386
1 595.6159293825018 420.250870115521 316.9738118331717 286.7713423068206
1 800.9117474264594 248.11433447098977 243.99605278362935 162.18430034129693
1 979.6702905723357 376.0187600822579 501.26091173617846 342.7986348122867
