0 1174.7197237209018 1002.5152667849345 99.8177209626576 155.0160343886463
0 1155.3521308195927 907.1208321961426 119.18525703200775 110.2997634643377
0 670.7895474660523 940.285292712882 131.8487815227934 105.08301491994177
0 881.5984935741998 896.6870508096797 164.62468174102813 114.7715383915575
0 551.9767670950533 976.803499135735 119.18525703200775 139.36533387918487
0 534.0989387578807 901.5313125454876 175.05328943380212 128.18640829694323
0 443.22017458777884 1044.9956502456332 104.28709990300679 65.58360625909752
0 457.0009869816925 986.1193652201601 70.76630319471387 77.50807405385736
0 364.63240141549466 933.2052572325327 134.82831065106691 108.8093613537118
0 315.8409425012124 958.9170817412663 132.59362118089234 139.36533387918487
