0 0.2116392118970129 0.751191762510519 0.07643066761449745 0.06870453014123909
0 0.3778855539316349 0.759343154218693 0.03569348961490664 0.14905389288800946
0 0.42735209127402096 0.7776838188782182 0.10979632609799345 0.055312954876273655
0 0.425994192247363 0.737509137504833 0.053540204822381185 0.0390101714599254
0 0.44190107284531094 0.7232441909101506 0.07604264149263457 0.0780203429198508
0 0.4269641243521157 0.6798672072231509 0.07953443258971872 0.07045127280067322
0 0.6044616995218538 0.7846707006729325 0.03181382039585354 0.11703060322279839
0 0.5709020427774157 0.6883096930935567 0.04927253908144399 0.16419221081240903
0 0.6547041707080504 0.7509006683482874 0.10902039225418282 0.06695778748180495
0 0.6562560679956505 0.7019924069422648 0.09582928010957201 0.04366812227074236
