0 0.2287099932606768 0.7573053173970274 0.07022307846409735 0.06579332198985625
0 0.3852570438477509 0.7474072274509302 0.07526670764882396 0.05414848938432496
0 0.41571290601698896 0.6816139054610739 0.08031036643352935 0.06928680730872452
0 0.4484966289176164 0.6915120398286823 0.07759456838021338 0.0937409380117358
0 0.4826382508449018 0.7101437542289278 0.07759456838021338 0.044832676605713245
0 0.5198836377474084 0.7494450642725959 0.09233754821244543 0.059388717362627366
0 0.4874878817686863 0.7715702195701988 0.0787584987459081 0.06288211383847343
0 0.47778856072115966 0.7896197456459813 0.10436472999136154 0.09082964101733079
0 0.6325897305596812 0.7535207379159274 0.05160034061287585 0.06754006464929038
0 0.7154219263855632 0.7605076641321529 0.045392810662433315 0.11470158339587881
