0 434.281303043162 1029.7176071233625 108.75659250727449 103.59238537117903
0 459.6081815288555 941.7758654021106 166.85942804316198 121.47891648471615
0 735.2240884153733 921.653560544032 102.7973069228904 179.60994359534206
0 800.0310491937439 929.8515681859535 87.89914979388942 140.8558497088792
0 983.6508471750727 1006.2416700782387 154.19601721629485 59.62154294032023
0 957.9514920283705 952.2095899290392 187.7167570926285 69.31006641193595
0 1188.1280878697867 1003.2605246997816 187.7167570926285 81.97962154294032
0 1161.683836233026 938.0495189683405 125.88949593840931 118.4978848253275
0 1230.215336293647 858.3056711699417 133.33857450290978 187.0626364628821
0 1280.8690364330746 968.9781488810044 100.56256062075654 43.22564137554585
