0 666.6925315227934 984.6288493904658 59.59262851600388 159.48769559679766
0 948.2677239936954 980.9025029566957 178.77788554801162 76.01744450509462
0 1002.273543586324 920.1630447143377 140.78753940349176 63.347889374090244
0 992.2172988906402 884.3900962063318 159.4103494786615 111.04507823871907
0 892.3996347599418 911.9650939319505 55.12313591173618 161.72341248180496
0 748.6323957322987 985.7467078329694 77.47037160523763 114.02622361717613
0 816.0465794738118 946.2474697507279 127.3792889185257 194.51532933042213
0 702.4481313651795 908.6114048853711 67.04170708050437 192.27949872634642
0 321.05527476357906 952.2095899290393 130.35887487875848 140.11064865356622
0 373.19885313106204 952.5822473162299 153.45100706231813 129.67692412663754
