0 1506.9486163312317 919.7903873271471 108.75659250727449 183.3362900291121
0 1396.3298678467506 1009.2227017376274 79.70523157129 81.97962154294032
0 1253.6799451382153 1060.273693367904 108.75659250727449 36.51814956331878
0 1161.3113595720174 1034.5618688591703 135.57320714112512 55.14999545123726
0 1249.5829291949563 975.3129833060408 179.5228388700291 91.66814501455605
0 725.9127402097479 974.9403827783842 128.8690818986421 96.88500727802038
0 662.9679922405431 986.11936522016 64.06212112027158 157.99706604803492
0 611.9418154401067 931.7147414028384 72.25603934287099 104.3377001455604
0 567.9922689591416 903.0218852347161 221.23766746483994 102.10186954148472
0 528.884606495514 994.6899733897379 172.8186567955868 93.15866084425036
