0 904.6905689258001 960.03494018377 55.868089233753636 168.4307905749636
0 424.59747817652766 920.1630447143376 73.00099266488846 164.704557860262
0 972.1048094992725 870.9752831604803 105.77689288312318 124.4599481441048
0 1045.8506418222598 919.7903873271471 174.30850660766245 108.8093613537118
0 1032.4423345053347 1005.4963553038574 193.6760426770126 77.50796033478893
0 1109.1678664524734 921.6536174035662 148.9815712900097 83.47013737263464
0 1072.6673132880696 831.1033308315139 141.5324927255092 110.29987718340611
0 1232.4500825957807 913.0829523744541 165.36952139912705 136.3843022197962
0 1110.6576594325895 973.0771527019651 99.81760729873909 30.55597252547307
0 1118.4791578261397 1048.7219966794032 105.03193956110572 61.112172489082965
0 1175.8370400400097 1025.6186601619358 136.31816046314256 98.3755231077147
