0 1112.5199290737148 1010.3406738991995 140.78753940349176 55.89519650655022
0 1208.2405772611542 933.5779146197234 123.65463597235693 81.23430676855895
0 1159.4490899308921 891.4701316866812 163.13488876091174 119.24308588064046
0 1032.4422776733754 877.3100607259826 80.45007122938894 149.05385735080057
0 1008.2327723387488 992.4541996451966 146.74682498787584 76.76275927947599
0 714.3666457019883 873.9563716794032 105.77689288312318 130.42212518195052
0 781.7808294435014 856.4425548125911 93.85832171435497 143.83699508733625
0 809.7148740603783 997.6710619086608 187.7167570926285 79.74379093886463
0 908.4151650400096 940.6579501000728 176.54313924587777 65.58360625909752
0 919.2163062257516 894.4512770651384 190.6963430528613 70.05526746724891
0 845.0979972417555 850.1077203875545 75.23562530310377 97.63020833333333
