0 0.4729389001973964 0.7214974482507164 0.0729389061173921 0.08733624454148473
0 0.4925315405533917 0.7422625612483795 0.0663433204451079 0.14284023412623953
0 0.5301648943778037 0.7145105664560021 0.033753625405401305 0.06637551031431951
0 0.6038797343390063 0.8280476843599323 0.03452961844916949 0.031441012497725615
0 0.5573229933108783 0.7622544067915871 0.04384094297481208 0.03377003232464519
0 0.5703201071945472 0.8001001127595637 0.05741999244134942 0.04192137961130822
0 0.5837051584001425 0.6821961382070483 0.024442300879758728 0.07278020378457059
0 0.6434529819729025 0.6883096930935567 0.07565470417070805 0.06521113366539302
0 0.6669253211479298 0.7118904968883619 0.05974785317273885 0.06462885649790757
0 0.6760427066125878 0.7514829010942617 0.0997090085285827 0.09723433448758187
0 0.546459741897657 0.828338778522164 0.08651795558392944 0.030858824173262373
