0 0.22521823176357147 0.7730258236458902 0.0671192838888973 0.07976708557928494
0 0.34451989544813894 0.7750637048890671 0.08690589290585596 0.06171755950350255
0 0.3148399967226903 0.7549763864131299 0.0950533462657614 0.05414848938432496
0 0.3171677982541222 0.7113082197208765 0.1004849423723933 0.047161607589610625
0 0.5026188285228237 0.7083970115694938 0.04384088377485451 0.16011644832605532
0 0.6316197984549283 0.6734625137528999 0.04578074798435984 0.16244537930995268
0 0.5414161127129304 0.7081059174072621 0.025218234723569346 0.12110627686612992
0 0.5734238721697685 0.6699690728555427 0.03879728419010669 0.07743815459538755
0 0.5996120389980903 0.6682223746176196 0.043065009131001454 0.07627368910343887
0 0.5970902096057377 0.7756459376350413 0.06828318465461324 0.05822416302765647
0 0.583123193217295 0.7407114398184474 0.09311348205625605 0.1013100081309134
