0 1155.724550648642 1005.869012691048 194.42088233511154 96.13969250363901
0 1140.826393519641 958.9170248817322 149.72641094810862 73.78161390101893
0 1183.658595265519 904.1397436772198 187.7167570926285 87.94179858078603
0 985.1406969871484 965.9971172216157 154.19590355237634 76.01744450509462
0 981.4161008729388 921.653560544032 118.44030370999029 67.81955058224163
0 776.9389170101844 998.4163198235079 128.12424224054317 164.704557860262
0 761.2958633911251 934.3231156750363 131.1037145368574 190.04366812227073
0 706.1726706474296 912.3376944596071 132.5935075169738 159.48758187772927
0 585.8700404643549 965.9970603620816 133.33857450290978 126.69577874818049
0 516.5935870817168 967.1150325236536 131.84866785887488 127.44109352256186
